PART 1 — PWM CONSTRUCTION
Computation of Frequency Matrix, Adjusted Frequency Matrix, and Weight Matrix
Motif length: 18 bases
Total binding sites: 27
Total adjusted sites (with pseudocounts +1 per base): 31
Background frequency F(b, o): 0.25 for all bases

====================================================================================================
  Counts Matrix (original, from 27 binding sites)
====================================================================================================
Base |     1     2     3     4     5     6     7     8     9    10    11    12    13    14    15    16    17    18
------------------------------------------------------------------------------------------------------------------
  A  |     8    12    21     9     4     2    21    21     3    10     8     5     7    25     4     2     2    25
  C  |     7     4     1     6     2     3     3     3     1     0     2     0     7     0     3     3    24     0
  G  |     3     2     1     8     2    21     2     2     0     1     0     1     0     1     0    15     0     2
  T  |     9     9     4     4    19     1     1     1    23    16    17    21    13     1    20     7     1     0

====================================================================================================
  Frequency Matrix F(b, j) = count(b, j) / 27
====================================================================================================
Base |        1        2        3        4        5        6        7        8        9       10       11       12       13       14       15       16       17       18
------------------------------------------------------------------------------------------------------------------------------------------------------------------------
  A  |   0.2963   0.4444   0.7778   0.3333   0.1481   0.0741   0.7778   0.7778   0.1111   0.3704   0.2963   0.1852   0.2593   0.9259   0.1481   0.0741   0.0741   0.9259
  C  |   0.2593   0.1481   0.0370   0.2222   0.0741   0.1111   0.1111   0.1111   0.0370   0.0000   0.0741   0.0000   0.2593   0.0000   0.1111   0.1111   0.8889   0.0000
  G  |   0.1111   0.0741   0.0370   0.2963   0.0741   0.7778   0.0741   0.0741   0.0000   0.0370   0.0000   0.0370   0.0000   0.0370   0.0000   0.5556   0.0000   0.0741
  T  |   0.3333   0.3333   0.1481   0.1481   0.7037   0.0370   0.0370   0.0370   0.8519   0.5926   0.6296   0.7778   0.4815   0.0370   0.7407   0.2593   0.0370   0.0000

====================================================================================================
  Adjusted Frequency Matrix F'(b, j) = (count(b, j) + 1) / 31
====================================================================================================
Base |        1        2        3        4        5        6        7        8        9       10       11       12       13       14       15       16       17       18
------------------------------------------------------------------------------------------------------------------------------------------------------------------------
  A  |   0.2903   0.4194   0.7097   0.3226   0.1613   0.0968   0.7097   0.7097   0.1290   0.3548   0.2903   0.1935   0.2581   0.8387   0.1613   0.0968   0.0968   0.8387
  C  |   0.2581   0.1613   0.0645   0.2258   0.0968   0.1290   0.1290   0.1290   0.0645   0.0323   0.0968   0.0323   0.2581   0.0323   0.1290   0.1290   0.8065   0.0323
  G  |   0.1290   0.0968   0.0645   0.2903   0.0968   0.7097   0.0968   0.0968   0.0323   0.0645   0.0323   0.0645   0.0323   0.0645   0.0323   0.5161   0.0323   0.0968
  T  |   0.3226   0.3226   0.1613   0.1613   0.6452   0.0645   0.0645   0.0645   0.7742   0.5484   0.5806   0.7097   0.4516   0.0645   0.6774   0.2581   0.0645   0.0323

====================================================================================================
  Weight Matrix (PWM) W(b, j) = log2[ F'(b, j) / 0.25 ]
====================================================================================================
Base |        1        2        3        4        5        6        7        8        9       10       11       12       13       14       15       16       17       18
------------------------------------------------------------------------------------------------------------------------------------------------------------------------
  A  |   0.2157   0.7462   1.5052   0.3677  -0.6323  -1.3692   1.5052   1.5052  -0.9542   0.5052   0.2157  -0.3692   0.0458   1.7462  -0.6323  -1.3692  -1.3692   1.7462
  C  |   0.0458  -0.6323  -1.9542  -0.1468  -1.3692  -0.9542  -0.9542  -0.9542  -1.9542  -2.9542  -1.3692  -2.9542   0.0458  -2.9542  -0.9542  -0.9542   1.6897  -2.9542
  G  |  -0.9542  -1.3692  -1.9542   0.2157  -1.3692   1.5052  -1.3692  -1.3692  -2.9542  -1.9542  -2.9542  -1.9542  -2.9542  -1.9542  -2.9542   1.0458  -2.9542  -1.3692
  T  |   0.3677   0.3677  -0.6323  -0.6323   1.3677  -1.9542  -1.9542  -1.9542   1.6308   1.1333   1.2157   1.5052   0.8532  -1.9542   1.4381   0.0458  -1.9542  -2.9542
